0.000000000000000000e+00 8.105810590710740490e-03 8.569681272060678673e-03 1.646168069793588901e-02 3.136024674070985070e-03
2.000000000000000000e+00 7.786674575385159336e-02 1.654790516407246281e-01 6.430173750913933950e-02 1.535291622729515471e-01
4.000000000000000000e+00 1.591823299208371678e-01 2.856029717025941328e-01 1.174740980024579634e-01 2.774646901800658649e-01
6.000000000000000000e+00 2.168312011382559912e-01 3.758246941824909815e-01 1.723620383560350577e-01 3.427232329198476313e-01
8.000000000000000000e+00 2.655756244994760817e-01 4.148158826211377215e-01 2.166969231114235783e-01 3.658363154359718927e-01
1.000000000000000000e+01 3.086488511337560636e-01 4.228384254543064436e-01 2.609758202309819253e-01 3.793101846546986788e-01
1.200000000000000000e+01 3.439604193434535606e-01 4.196067648341779144e-01 2.767592537387909002e-01 3.566296753646185369e-01
1.400000000000000000e+01 3.600894523608165199e-01 3.917669992270421675e-01 3.093521051110607045e-01 3.462165337378629304e-01
1.600000000000000000e+01 3.574834753105308183e-01 3.828666269154340496e-01 3.220341925496256752e-01 3.330574824532095413e-01
1.800000000000000000e+01 3.758087657525479020e-01 3.574138816875485625e-01 3.369037159943411019e-01 3.068141182581296533e-01
2.000000000000000000e+01 3.720870076452998942e-01 3.358620186888180426e-01 3.586193446337088142e-01 2.872194337355825633e-01
2.200000000000000000e+01 3.718688251904985198e-01 3.256403856745579972e-01 3.550222586082585896e-01 2.856633692975890648e-01
2.400000000000000000e+01 3.572021063315806710e-01 3.119412460687054356e-01 3.651529762425814729e-01 2.666027293338047444e-01
2.600000000000000000e+01 3.588837687280029276e-01 2.782841708907907163e-01 3.600192848189570638e-01 2.441785625210090571e-01
2.800000000000000000e+01 3.402691953533193980e-01 2.657872424141975443e-01 3.509565180399844553e-01 2.254426322726214571e-01
3.000000000000000000e+01 3.302219559411630478e-01 2.592920894801208354e-01 3.545685630185732018e-01 2.157623895544306669e-01
4.000000000000000000e+01 2.920092599833632452e-01 2.033109439080995895e-01 3.194497947909748503e-01 1.753749620394269571e-01
5.000000000000000000e+01 2.379697161077809764e-01 1.678078700000716628e-01 2.982540564081214707e-01 1.427823080992345062e-01
6.000000000000000000e+01 2.136274942278607036e-01 1.356124523230381462e-01 2.534377315742024073e-01 1.187869814685878628e-01
7.000000000000000000e+01 1.981707710190882266e-01 1.225559430147995510e-01 2.262627271469768442e-01 1.166161423596499963e-01
8.000000000000000000e+01 1.690442559459101046e-01 1.096438136677261588e-01 2.161035631205432683e-01 9.133166237927492492e-02
9.000000000000000000e+01 1.468415385109577698e-01 1.109625156740036422e-01 1.991420137545689140e-01 9.141205941504990107e-02
1.000000000000000000e+02 1.330436799692289451e-01 8.471826300492078798e-02 1.831359685054159969e-01 7.190941715669814382e-02
1.100000000000000000e+02 1.281196168489066867e-01 8.263307408957028255e-02 1.685226399413483067e-01 8.180381661408438199e-02
1.200000000000000000e+02 1.165402675473563715e-01 7.310838857751669750e-02 1.411795950560763291e-01 6.445908013195945918e-02
1.300000000000000000e+02 1.187007569495157483e-01 7.267021658787282956e-02 1.448871544948936163e-01 5.784510450696635220e-02
1.400000000000000000e+02 9.813693956059568735e-02 6.622488057603441447e-02 1.400393842384598797e-01 6.410618619204147550e-02
1.500000000000000000e+02 1.021195124425221951e-01 5.600276047495698212e-02 1.192243825303773569e-01 5.974264808962220785e-02
1.600000000000000000e+02 9.682615876893294060e-02 5.573806755475060881e-02 1.130177948478719024e-01 5.599056998056096968e-02
1.700000000000000000e+02 8.026509414050937707e-02 4.907760210613868607e-02 1.060391454149494650e-01 4.308882088998493981e-02
1.800000000000000000e+02 9.093417045690713185e-02 4.771130736793170735e-02 1.111804030426741252e-01 5.211293792129671754e-02
